Lowest Value: 13
Scans: 137
Difference 1 or more: 58
Total Runtime: 22.7 sec

Values
15.8
15.8
14.2
15.4
14.8
15.3
13.1
13.2
14.4
15.3
15.3
14.6
14.8
15.2
13.7
15.2
15.2
13
13
15
15.5
14
15.6
13.3
13.2
13.6
15.5
14.2
15.6
13.6
13.3
14.2
13.7
14.6
14.8
14.6
14.2
14.6
15.8
13.4
14.6
14.8
13.7
14.6
15
13
13.4
13.2
13.2
15.5
13.2
13.6
14.4
13.3
15.1
14.5
15.2
14.7
14.3
14.4
15.3
15.6
13.5
14.8
14.6
13.8
15
14
14.3
15.2
14.3
15.8
13.3
13.4
14.6
14.7
13.4
13.8
13.8
13.5
15.7
15.2
14.2
15.4
14.8
15.6
15.2
13.3
15.5
15.6
14.3
13.2
14.6
13.1
13.3
14.6
15.6
14
15.5
14.1
14.1
13.8
14.7
15.4
14.7
14.8
13.2
13.1
14.6
14.8
14.4
14.6
15.7
13.2
14
13.8
13.5
13.5
15.3
13.8
14.5
14.2
15.5
15.1
13.3
15.8
13.2
13.4
14.4
15.6
13.6
14.4
14.1
13.4
15.3
13.5
15.8
