Lowest Value: 12.1
Scans: 98
Difference 1 or more: 19

Values
12.3
12.7
13.8
12.5
13.4
12.2
12.8
13.2
13.4
13.4
13.3
12.4
13.1
13.7
12.4
13.7
12.8
13.1
12.5
12.2
12.8
12.4
13.6
13.6
12.7
12.7
13.2
13.1
12.2
12.7
13.5
12.1
12.7
13.1
12.8
13.4
13.5
12.2
12.3
12.2
12.8
12.6
12.8
12.2
13.5
13.1
13.1
12.6
12.5
13.7
13.6
12.6
13.1
13.3
12.8
13.6
13.7
13.3
12.3
12.2
12.5
12.7
12.5
12.1
12.1
12.6
13.7
12.5
12.2
13.7
12.4
12.8
12.7
13.2
12.6
12.7
13.2
13.5
12.2
12.1
12.3
12.3
13.5
12.2
12.2
12.4
12.3
13.2
13.6
13.5
12.2
12.4
12.2
13.7
12.7
13.5
13.7
13.3
