Lowest Value: 11
Scans: 246
Difference 1 or more: 54
Total Runtime: 18.2 sec

Values
12.2
12.6
11.7
11.3
11.7
12.8
12.6
12.7
11.5
11.6
12.2
11
11.5
12.7
12.3
11.2
11.3
12.5
12.7
12
11.7
11.1
11.4
11
12.8
11.1
11.8
12.6
11.7
11
11
11.7
11.7
12.8
12.4
12.2
11.4
12.1
12.7
12.3
12.6
12.5
11.8
12
11.4
12.3
12.3
11.5
12.1
12.5
11
12
12.6
12
12.5
12.7
12.6
11.8
11.3
11.7
12.5
12.5
12.3
11.2
11.8
11.6
11.7
11.2
12.5
12.6
11.4
11
11
11.1
11.2
11.7
12.1
11.8
12.3
11.5
12.7
12.6
12
11
12
12.3
11.5
11.5
12.5
11.1
12
12.6
11.3
12.6
11.3
11.6
12.8
11.8
12.5
12.5
11.4
12.4
12.5
11.2
12.8
12.8
12.8
11.2
12.2
11.5
12.4
11.4
11.3
12.6
11
12.4
11.3
11.5
12.4
12.8
12.5
12.7
11.6
11.4
11.4
12.2
11.5
11.2
11.6
11.3
11.1
12.8
11
12
11.4
12.5
11.3
11.7
12.8
12.3
11
12.8
12.3
11.5
12.2
11.2
12.3
11.3
12.1
12.6
11
12.8
12.2
11.5
11.1
12.7
12.5
12.4
12.7
12.2
12.7
11.1
11.7
11.2
11.5
11.8
12.8
12.7
12
12.2
12.1
12.4
12.4
12.6
11.5
11.3
12.7
11.6
12.2
11.1
12
11.4
11.5
11.1
11.6
12
12.3
11.6
12.4
12
12.6
12
12.5
11.6
11.7
11
12.1
12.1
12.7
12
11.4
11.1
11.1
11.6
12
12
11.1
11.7
11.5
12.5
11.8
11.4
11.4
11.1
11.8
12.2
11.5
11.5
12
11.2
12
12.7
11
11.1
12.8
11.8
12.3
11.2
12.5
11
12.2
11.2
12.7
12.4
11.7
11.2
12.3
12.8
12.4
12.3
12.5
11
12
12.1
11.1
11.1
