Lowest Value: 11
Scans: 144
Difference 1 or more: 22
Total Runtime: 10.8 sec

Values
11.7
11.7
12.6
11.2
11.1
12.2
11.6
12.4
11.7
11.6
11
12.6
12.2
11.4
12.2
11
11.7
11
11.6
12.5
11.8
12.4
11
12.1
11.4
12.5
11.4
11.2
11
11.1
11.5
12.5
11.5
11.8
12.3
12.3
12.2
11.4
11.3
12
11.1
12
12.3
11.3
11.1
12.3
11.8
12.2
11.7
12.8
11.2
11.7
11.2
11.3
12.1
11.6
11.1
11.1
11.2
11.7
12.5
11.2
12
11.6
11.5
11
11.5
11.6
11.6
12.8
12
11.7
12.2
11.8
11
11.8
11.2
11.7
11.1
11.7
11.8
12.3
11.1
12.1
12.5
11.5
12.7
12
12
12
12.7
12.6
11.6
11.8
11.2
11.5
11.5
12.8
12.3
11
11.4
12
11.2
11
11.3
11.7
11.1
12.8
12.6
12
11.3
12.2
11.2
12.6
11.3
11.5
11.8
11.3
12.7
12.5
11.6
11.6
11.6
12.3
12.3
11.8
11.6
11.7
12.3
11.3
11.8
12.1
11.5
12.4
12.1
12.1
11.2
11.4
12.8
12.1
11.3
12
11
11.5
