Lowest Value: 11
Scans: 206
Difference 1 or more: 33
Total Runtime: 15.3 sec

Values
12
11.1
11.7
11.5
12.5
11.8
11.4
11.4
11.1
11.8
12.2
11.5
11.5
12
11.2
12
12.7
11
11.1
12.8
11.8
12.3
11.2
12.5
11
12.2
11.2
12.7
12.4
11.7
11.2
12.3
12.8
12.4
12.3
12.5
11
12
12.1
11.1
11.1
12.5
11.1
11.5
11.8
12.6
12.6
11.6
11.7
12.2
12
12
11.4
11.2
11.7
11.2
11.7
12.6
11.7
11.6
12.3
11.8
11.1
11
12
12.7
12.1
12.6
11.1
11.7
11.1
11.3
11.6
12.3
11.7
11.5
12.4
11.4
11.7
12.1
11.1
12.2
12.2
12.6
11.7
12.5
11.1
12.5
11.8
12.6
12
11.1
11.5
12.7
11.3
11.6
12.4
12.6
11.2
11.1
11.2
11.2
11.6
12.1
11.8
12.5
11.7
11.5
12.5
11.5
12.6
12.5
11.5
11.7
12.2
12.4
12.8
12
12.5
11.8
11.7
12.8
11.8
11.2
12.1
11.6
11.5
11.3
12.5
12.7
11.6
12.6
11.4
11.7
11.2
12.4
11.5
11.1
11.3
12.7
12.2
12.5
12.6
12.2
12.7
12
12.7
12
12.5
11.1
11
12
11.4
11.7
11.1
12.1
12.7
11
12.7
12.8
11.8
12.7
12.8
12.7
12.5
12.3
12.8
11
11.4
12.6
12.3
12.7
12.8
11.8
12.6
11
11.3
12.2
12.6
12.4
12.1
11.7
12.1
11.2
12.2
11.7
12.4
11.2
12.1
12.7
12.2
12.2
11.2
12
12.1
11.8
12
11.2
11.4
11
12.1
12.4
11.8
12.2
12.8
12.4
